0
1 3 389 552 554 790 835 837 865
2
1 3 73 235 486 552 554 790 835 837 865
4
5
6
7
8 15 241 244
9
10 143
11
12
13 734 739
14
8 15 241 244
16 552 554 635 789
17
18 143
19
20
21
22
23
24
25
26
27
28
29 58 100 133 351 507 570
30
31
32
33
34 36 143
35 141 329 604
34 36 144
37
38
39
40
41
42
43
44
45
46 341 503 686 720 722 730 731 745 746 749 752 770 771 772 773 775 776 778 783
47
48
49
50
51
52
53
54
55
56
57
29 58 100 133 351 507 570
59
60 104 389 506 508 510 512 598 599 652 684 732 832
61
62
63 522 523
64
65
66
67
68
69
70
71 73 486 660
72 252 312
3 71 73 663
74
75
76
77
78 233 713 714 724 725 738 750 751 753 754 755 756 758 777 794 796 797 855
79
80
81
82
83
84
85
86
87
88
89
90 300
91
92
93
94
95
96
97 102 250 251 336 652 732 734 739
98
99
29 58 100 133 351 507 570
101
97 102 250 251 336 652 732 734 739
103
60 104 486 506 508 510 512 598 599 652 684 732 832
105
106
107
108
109
110 589 696 698 863
111
112
113 114 183 184 222 315 316 337 340 509 511 522 523 532 535 549 550 632 670 671
113 114 183 184 222 315 316 337 340 509 511 522 523 532 535 549 550 632 670 671
115
116
117
118 119 241 244 345 347 466 478 593 597 652
118 119 134 136 241 244 345 347 466 478 732
120
121
122
123 254 275 277 389 460 461 486 537 557 741
124
125 126
125 126
127
128
129
130
131
132 389 486
29 58 100 133 351 507 570
119 134 136 497 514 593 597 837
135
119 134 136 497 514 593 597 837
137
138
139
140
35 141 143 146 156 179 217 329 604
142 143 144 145 146 408 543 740 863
10 18 34 141 142 143 144 145 146 264 364 408 485 543 740 863
36 142 143 144 145 146 408 543 740 863
142 143 144 145 146 311 408 543 740 863
141 142 143 144 145 146 294 408 543 740 863
147
148
149
150
151
152
153
154
155 670 671
141 156 179 217
157
158
159
160
161
162
163
164 166 170 389 486
165
164 166 170 389 486
167 486
168
169
164 166 170 389 486
171
172
173
174
175
176 590 626 627
177 470 471 501 504 707
178
141 156 179 217
180
181 182 301 389 661 829
181 182 300 486 661 829
113 114 183 184 315 316 337 340 509 511 522 523 528 532 535 549 550 614 670 671
113 114 183 184 315 316 337 340 509 511 522 523 528 532 535 549 550 614 670 671
185
186
187
188
189
190
191
192 552 554
193
194
195
196
197
198
199
200 201 228 229
200 201 228 229
202 532 535
203
204
205 553
206 228 229 243 290 338
207
208 389
209
210
211
212
213
214
215
216
141 156 179 217
218
219
220
221
113 114 222
223
224
225 522 523
226 315 316
227 525
200 201 206 228 229 290 338 537 741 865
200 201 206 228 229 290 338 537 741 865
230 269 275 277
231 413
232 234 235
78 233 713 714 724 725 738 750 751 753 754 755 756 758 777 794 796 797 855
232 234 235 389 452 454
3 232 234 235 452 454
236 237 282 497 514 598 599 624 625 652 666 711 732 760 761
236 237 283 497 514 598 599 624 625 652 666 711 732 760 761
238
239
240
8 15 118 119 241 244 506 508 510 512
242
206 243
8 15 118 119 241 244 506 508 510 512
245
246 537
247
248
249
97 102 250 251 389 486 607 608
97 102 250 251 389 486 607 608
72 252 312
253 266 271 292 293 331 334 652 732 793 840 842
123 254 275 277 389 460 461 486 537 557 741
255
256
257
258
259
260
261
262
263
143 264 764
265
253 266 271 282 283 292 293 466 478 501 504 633 634 684 734 739 767 769 793 832
267
268
230 269 275 277
270
253 266 271 292 293 331 334 652 732 793 840 842
272
273
274
123 230 254 269 275 277 460 461
276
123 230 254 269 275 277 460 461
278 335
279
280 281
280 281
236 266 282 283 537 599 624 711 741 761 793
237 266 282 283 537 598 625 666 741 760 793
284
285
286
287
288 289 792
288 289 792
206 228 229 290 338
291
253 266 271 292 293 760 761 793
253 266 271 292 293 760 761 793
146 294
295 296 835 837
295 296 835 837
297
298
299
90 182 300 301 486 586
181 300 301 389 586
302 662
303
304
305
306
307
308
309
310
145 311
72 252 312
313
314
113 114 183 184 226 315 316 337 340 396 509 511 522 523 532 535 549 550 670 671
113 114 183 184 226 315 316 337 340 396 509 511 522 523 532 535 549 550 670 671
317 332 726 728 735 736 766 768 791 799
318
319
320
321 333 335
322
323 335
324
325
326
327
328 415 569 584
35 141 329 604
330
253 271 331 334
317 332 726 728 735 736 766 768 791 799
321 333 335
253 271 331 334
278 321 323 333 335
97 102 336
113 114 183 184 315 316 337 340 509 511 522 523 532 535 549 550 670 671 674 785
206 228 229 290 338
339 400 486 666 711
113 114 183 184 315 316 337 340 509 511 522 523 532 535 549 550 670 671 674 785
46 341 503 686 720 722 730 731 745 746 749 752 770 771 772 773 775 776 778 783
342 343
342 343
344
118 119 345 347 415 537 741
346
118 119 345 347 415 537 741
348
349
350
29 58 100 133 351 507 570
352
353
354
355
356
357
358
359 364
360 361 362 389 578 580 581
360 361 362 389 578 580 581
360 361 362 389 578 580 581
363
143 359 364
365
366
367
368 369
368 369
370
371
372
373
374
375 376 710
375 376 710
377
378 380 861
379
378 380
381
382
383
384
385
386
387
388
1 60 123 132 164 166 170 181 208 234 250 251 254 301 360 361 362 389 400 434 486 586 654 655 684 709 732 832 864
390
391
392
393
394
395
315 316 396
397
398
399
339 389 400 666 711
401
402
403
404
405
406
407
142 143 144 145 146 408 543 740 863
409
410 411 537 633 634 741
410 411 537 633 634 741
412
231 413
414
328 345 347 415 420 537 569 584 672 741
416
417
418 419
418 419
415 420
421
422
423
424
425 539 672
426 430 821
427
428
429
426 430 821
431
432
433
389 434 553 669 709 740 831 838 863
435
436
437
438
439
440
441 443
442
441 443
444
445
446
447
448
449
450
451
234 235 452 454
453 455 850 851
234 235 452 454
453 455 850 851
456
457
458
459
123 254 275 277 460 461 537 741
123 254 275 277 460 461 537 741
462
463
464
465
118 119 266 466 478 501 504 633 634 684 734 739 793 832
467
468
469
177 470 471 501 504 707
177 470 471 501 504 707
472
473
474
475
476
477
118 119 266 466 478 501 504 633 634 684 734 739 793 832
479
480
481
482
483 485 846 848
484
143 483 485 846 848
3 71 104 123 132 164 166 167 170 182 250 251 254 300 339 389 486 578 580 581 652 654 655 684 832 838 864
487
488
489
490
491
492
493
494
495
496
134 136 236 237 497 514 593 597 598 599 624 625 666 711 760 761
498
499 552 554
500
177 266 466 470 471 478 501 504 633 634 660 663 684 707 734 739 792 793 832
502
46 341 503 686 720 722 730 731 745 746 749 752 770 771 772 773 775 776 778 783
177 266 466 470 471 478 501 504 633 634 660 663 684 707 734 739 792 793 832
505
60 104 241 244 506 508 510 512
29 58 100 133 351 507 570
60 104 241 244 506 508 510 512
113 114 183 184 315 316 337 340 509 511 513 522 523 532 535 549 550 670 671 676
60 104 241 244 506 508 510 512
113 114 183 184 315 316 337 340 509 511 513 522 523 532 535 549 550 670 671 676
60 104 241 244 506 508 510 512
509 511 513
134 136 236 237 497 514 593 597 598 599 624 625 666 711 760 761
515
516
517
518
519 623
520
521
63 113 114 183 184 225 315 316 337 340 509 511 522 523 532 535 549 550 670 671
63 113 114 183 184 225 315 316 337 340 509 511 522 523 532 535 549 550 670 671
524
227 525
526
527
183 184 528
529
530
531 680
113 114 183 184 202 315 316 337 340 509 511 522 523 532 535 549 550 670 671 694
533
534
113 114 183 184 202 315 316 337 340 509 511 522 523 532 535 549 550 670 671 694
536
123 228 229 246 254 282 283 345 347 410 411 415 460 461 537 741
538
425 539 672
540
541
542
142 143 144 145 146 408 543 621 740 863
544
545
546
547
548
113 114 183 184 315 316 337 340 509 511 522 523 532 535 549 550 670 671 850 851
113 114 183 184 315 316 337 340 509 511 522 523 532 535 549 550 670 671 850 851
551
1 3 16 192 499 552 554 792 850 851
205 434 553 589 669 709 740 831 838 863
1 3 16 192 499 552 554 792 850 851
555
556
123 254 557
558
559
560
561
562
563
564
565
566
567
568
328 415 569 584
29 58 100 133 351 507 570
571
572
573
574
575
576
577
360 361 362 486 578 580 581
579
360 361 362 486 578 580 581
360 361 362 486 578 580 581
582
583
328 415 569 584
585
300 301 389 586
587
588 589 620 622 669 672
110 553 588 589 620 622 672 698
176 590 626 627
591
592
118 134 136 497 514 593 597 835
594
595
596
118 134 136 497 514 593 597 835
60 104 236 237 283 497 514 598 599 624 625 666 711 760 761
60 104 236 237 282 497 514 598 599 624 625 666 711 760 761
600
601
602
603
35 141 329 604
605
606
250 251 607 608 654 734 739
250 251 607 608 654 734 739
609
610
611 734 739
612
613
183 184 614
615
616
617
618
619 621
588 589 620 622 672
543 619 621
588 589 620 622 672
519 623
236 237 282 497 514 598 599 624 625 633 634 666 711 760 761
236 237 283 497 514 598 599 624 625 633 634 666 711 760 761
176 590 626 627
176 590 626 627
628
629
630
631
113 114 632
266 410 411 466 478 501 504 624 625 633 634 684 734 739 793 832
266 410 411 466 478 501 504 624 625 633 634 684 734 739 793 832
16 635
636
637
638
639
640
641
642
643 648 692
644 645 850 851
644 645 850 851
646
647 651
643 648 692
649
650
647 651
60 97 102 104 118 236 237 253 271 486 652 684 732 734 739 832
653
389 486 607 608 654 655
389 486 654 655
656
657
658
659
71 501 504 660 663 792
181 182 661
302 662 733
73 501 504 660 663 792
664
665
236 237 283 339 400 497 514 598 599 624 625 666 711 760 761
667
668
434 553 588 669 709 740 831 838 863
113 114 155 183 184 315 316 337 340 509 511 522 523 532 535 549 550 670 671 687
113 114 155 183 184 315 316 337 340 509 511 522 523 532 535 549 550 670 671 687
415 425 539 588 589 620 622 672
673
337 340 674
675 688 734 739
509 511 676
677
678
679
531 680
681
682
683
60 104 266 389 466 478 486 501 504 633 634 652 684 732 734 739 793 832
685
46 341 503 686 720 722 730 731 745 746 749 752 770 771 772 773 775 776 778 783
670 671 687
675 688 734 739
689
690
691
643 648 692
693
532 535 694
695
110 696 698 740
697
110 589 696 698 863
699
700
701
702 704
703
702 704
705
706
177 470 471 501 504 707
708
389 434 553 669 709 740 831 838 863
375 376 710
236 237 282 339 400 497 514 598 599 624 625 666 711 760 761
712
78 233 713 714 724 725 738 750 751 753 754 755 756 758 777 794 796 797 855
78 233 713 714 724 725 738 750 751 753 754 755 756 758 777 794 796 797 855
715
716
717
718
719
46 341 503 686 720 722 730 731 745 746 749 752 770 771 772 773 775 776 778 783
721
46 341 503 686 720 722 730 731 745 746 749 752 770 771 772 773 775 776 778 783
723
78 233 713 714 724 725 738 750 751 753 754 755 756 758 777 794 796 797 855
78 233 713 714 724 725 738 750 751 753 754 755 756 758 777 794 796 797 855
317 332 726 728 735 736 766 768 791 799
727
317 332 726 728 735 736 766 768 791 799
729
46 341 503 686 720 722 730 731 745 746 749 752 770 771 772 773 775 776 778 783
46 341 503 686 720 722 730 731 745 746 749 752 770 771 772 773 775 776 778 783
60 97 102 104 119 236 237 253 271 389 652 684 732 734 739 832
662 733
13 97 102 266 466 478 501 504 607 608 611 633 634 652 675 684 688 732 734 739 793 832
317 332 726 728 735 736 766 768 791 799
317 332 726 728 735 736 766 768 791 799
737
78 233 713 714 724 725 738 750 751 753 754 755 756 758 777 794 796 797 855
13 97 102 266 466 478 501 504 607 608 611 633 634 652 675 684 688 732 734 739 793 832
142 143 144 145 146 408 434 543 553 669 696 709 740 831 838 863
123 228 229 254 282 283 345 347 410 411 415 460 461 537 741
742
743
744
46 341 503 686 720 722 730 731 745 746 749 752 770 771 772 773 775 776 778 783
46 341 503 686 720 722 730 731 745 746 749 752 770 771 772 773 775 776 778 783
747
748
46 341 503 686 720 722 730 731 745 746 749 752 770 771 772 773 775 776 778 783
78 233 713 714 724 725 738 750 751 753 754 755 756 758 777 794 796 797 855
78 233 713 714 724 725 738 750 751 753 754 755 756 758 777 794 796 797 855
46 341 503 686 720 722 730 731 745 746 749 752 770 771 772 773 775 776 778 783
78 233 713 714 724 725 738 750 751 753 754 755 756 758 777 794 796 797 855
78 233 713 714 724 725 738 750 751 753 754 755 756 758 777 794 796 797 855
78 233 713 714 724 725 738 750 751 753 754 755 756 758 777 794 796 797 855
78 233 713 714 724 725 738 750 751 753 754 755 756 758 777 794 796 797 855
757
78 233 713 714 724 725 738 750 751 753 754 755 756 758 777 794 796 797 855
759
236 237 283 292 293 497 514 598 599 624 625 666 711 760 761
236 237 282 292 293 497 514 598 599 624 625 666 711 760 761
762
763
264 764
765
317 332 726 728 735 736 766 768 791 799
266 767 769 793
317 332 726 728 735 736 766 768 791 799
266 767 769 793
46 341 503 686 720 722 730 731 745 746 749 752 770 771 772 773 775 776 778 783
46 341 503 686 720 722 730 731 745 746 749 752 770 771 772 773 775 776 778 783
46 341 503 686 720 722 730 731 745 746 749 752 770 771 772 773 775 776 778 783
46 341 503 686 720 722 730 731 745 746 749 752 770 771 772 773 775 776 778 783
774
46 341 503 686 720 722 730 731 745 746 749 752 770 771 772 773 775 776 778 783
46 341 503 686 720 722 730 731 745 746 749 752 770 771 772 773 775 776 778 783
78 233 713 714 724 725 738 750 751 753 754 755 756 758 777 794 796 797 855
46 341 503 686 720 722 730 731 745 746 749 752 770 771 772 773 775 776 778 783
779
780
781
782
46 341 503 686 720 722 730 731 745 746 749 752 770 771 772 773 775 776 778 783
784
337 340 785
786
787
788
16 789
1 3 790
317 332 726 728 735 736 766 768 791 799
288 289 501 504 552 554 660 663 792 850 851
253 266 271 282 283 292 293 466 478 501 504 633 634 684 734 739 767 769 793 832
78 233 713 714 724 725 738 750 751 753 754 755 756 758 777 794 796 797 855
795
78 233 713 714 724 725 738 750 751 753 754 755 756 758 777 794 796 797 855
78 233 713 714 724 725 738 750 751 753 754 755 756 758 777 794 796 797 855
798
317 332 726 728 735 736 766 768 791 799
800
801
802
803
804
805
806
807
808
809
810
811
812
813
814
815
816
817
818
819
820
426 430 821
822
823
824
825
826
827
828
181 182 829
830
434 553 669 709 740 831 838 863
60 104 266 389 466 478 486 501 504 633 634 652 684 732 734 739 793 832
833
834
1 3 295 296 593 597 835 837
836
1 3 134 136 295 296 835 837
434 486 553 669 709 740 831 838 863
839
253 271 840 842
841
253 271 840 842
843
844
845
483 485 846 848
847
483 485 846 848
849
453 455 549 550 552 554 644 645 792 850 851
453 455 549 550 552 554 644 645 792 850 851
852
853
854
78 233 713 714 724 725 738 750 751 753 754 755 756 758 777 794 796 797 855
856
857
858
859
860
378 861
862
110 142 143 144 145 146 408 434 543 553 669 698 709 740 831 838 863
389 486 864
1 3 228 229 865
866
867
868
